0 1.4046468020524783 1.181161738990717 0.1470475090421841 1 1 0 
1 0.3377006095495583 0.873772510386357 1.8249874930427357 1 0 0 
2 0.6749540670532861 4.353623420987702 0.9145702370730602 3 3 8 9 6 11 12 16 18 20 22
3 1.0125672450089285 3.5025778498017823 3.2505619340556713 3 2 8 11 7 9 12 16 18 20 14 26
4 5.1507478514459315 1.3517400668591417 0.054624572621180256 4 6 10 13 15 6 5 21 29 12 23 25
5 3.8362455309406895 0.8893591458509897 3.6432751153251486 3 6 10 14 7 4 13 21 15 29 11 31
6 4.842019991371056 2.0737634669356586 1.980746615667277 5 4 5 10 13 21 7 15 14 29 12 23 25 38
7 0.07836284663905957 0.2371226658341552 5.6720497089841215 1 17 1 30
8 2.3282669593082694 5.140435665342968 2.5388042887745588 7 2 3 9 12 16 18 20 10 11 22 13 27 24 33 35 32 25 41
9 0.4017510571661198 6.247008135993162 1.7170691282556794 4 2 8 16 22 9 3 12 18 20 24 33 35 28 40
10 6.143261268244511 0.38024015829201563 2.3651518210265676 5 4 5 6 15 29 6 13 14 21 23 36 43
11 1.5425809369927945 3.4149348434750815 5.51292247638957 4 3 14 18 26 9 2 8 5 31 16 32 24 47 52
12 4.002758875530841 5.4484323353056086 0.3879780528757193 4 8 13 20 27 11 2 3 9 16 18 4 6 23 25 32 41
13 5.929124490726174 3.8709245283293336 0.856145507366799 5 4 6 12 23 25 11 10 15 5 21 8 20 27 29 36 37 44
14 3.7064817251785476 3.216344509244884 5.35839685928404 3 5 11 31 8 6 10 3 18 26 30 39 50
15 7.386360926510127 0.05077218323796817 0.4819958015974857 4 4 10 23 29 5 6 13 5 36 43
16 0.4095895597891763 6.438968402013456 4.237234877587763 6 8 9 18 24 33 35 11 2 3 12 20 22 11 32 26 53 40 65
17 0.40279358009074784 0.48023330081701676 7.961798124680217 2 7 30 4 31 39 42 58
18 2.7280357454523108 6.005537487144501 4.741768657927472 4 8 11 16 32 12 2 3 9 12 20 14 26 24 33 35 48 59
19 6.196553661904174 0.3309026439585683 5.447354053355293 2 34 45 3 39 58 67
20 4.655756075798774 6.570544739988797 1.9226300132140528 6 8 12 25 27 32 41 14 2 3 9 16 18 13 21 37 44 48 59 46 49 64
21 6.347152564107432 3.6666202810796644 3.8706698431379083 3 6 25 38 10 4 5 10 13 20 37 44 50 51 55
22 1.322215117020642 8.238805666965527 1.796136295335602 4 9 28 35 40 8 2 8 16 57 33 65 48 64
23 8.235428685412511 2.4137752658750333 0.38058468813998214 4 13 15 29 36 9 4 6 12 25 10 43 51 54 78
24 0.1598421239803649 6.027177640490633 6.489579036308442 3 16 26 33 8 8 9 18 35 11 47 52 53
25 7.002768215890947 5.172232447425968 2.357488199946709 5 13 20 21 37 44 17 4 6 12 23 8 27 32 41 38 46 49 56 68 55 71 73 76
26 0.5854206675373108 3.947985822595621 8.172212096953535 4 11 24 47 52 9 3 14 18 16 33 42 74 90 77
27 4.09194746942847 8.164227098237017 0.5196391430265024 3 12 20 41 8 8 13 25 32 46 48 49 64
28 0.1569744490941538 9.147835422320355 0.4347054728019817 2 22 57 5 9 35 40 70 89
29 9.014176763742817 0.46621761666808315 1.9428656931676658 5 10 15 23 36 43 10 4 5 6 13 51 54 78 62 79 80
30 3.045580761022597 1.233252502753679 8.687693387654445 5 17 31 39 42 58 9 7 14 50 34 67 47 63 74 93
31 3.7949153158719096 3.7173424507375508 7.701665017290695 4 14 30 39 50 9 5 11 17 42 58 34 67 38 61
32 4.669839356649481 7.42322519157371 4.216416987849856 4 18 20 48 59 14 8 11 16 12 25 27 41 40 64 65 61 69 72 86
33 0.29495935106178983 8.074567594899662 5.608891577912534 4 16 24 35 53 11 8 9 18 26 22 40 65 69 72 81 96
34 5.891698619616297 0.1934391944665359 8.016199156395615 4 19 39 45 58 6 30 31 50 67 63 93
35 1.472464810788492 9.175914645018302 3.72989636792024 5 16 22 33 40 65 11 8 9 18 24 28 53 48 57 64 72 99
36 9.605147217022214 2.261266202474479 2.6499724857963436 6 23 29 43 51 54 78 15 13 15 10 62 79 80 38 56 60 66 91 94 103 104 118
37 8.313504819174732 5.929792090904797 0.8286359754404371 5 25 46 49 56 68 13 13 20 21 44 41 83 84 71 73 51 60 76 94
38 7.712978034397198 4.19654138933236 5.733985249639666 5 21 44 50 51 55 17 6 25 49 56 71 73 76 31 39 61 67 36 43 62 78 85 87
39 5.7386723171149745 2.2793058789054044 8.638788428006876 6 30 31 34 50 58 67 10 17 42 14 19 45 38 61 63 93 110
40 2.590189138105452 10.147167300892232 2.3809680038555525 6 22 35 48 57 64 65 13 9 28 16 33 32 41 70 89 95 98 101 72 99
41 5.633571731821978 9.101808169688827 1.4154884442930715 6 20 27 46 48 49 64 16 8 12 25 32 37 68 83 84 40 65 44 71 73 95 98 101
42 1.7813575751372346 0.8482090047207391 10.655856839613662 4 30 47 63 74 11 17 31 39 58 26 52 90 93 102 88 122
43 9.945542500035845 0.9380214686601329 4.4973679957959956 7 29 36 51 62 78 79 80 12 10 15 23 54 38 56 104 91 94 103 118 121
44 8.027471342419027 6.33792409663211 4.164350404297816 8 25 38 49 55 56 71 73 76 16 13 20 21 37 50 51 41 46 83 85 87 60 68 94 111 130
45 8.01205208801418 0.3552622674954442 7.730871603252258 3 19 34 67 4 39 58 50 110
46 7.6552581984445345 8.138792723010425 0.0010106770906448403 6 37 41 49 68 83 84 12 25 56 20 27 48 64 44 71 73 60 134 98
47 0.392902379673572 3.163426879253981 10.789371176957712 5 26 42 52 74 90 9 11 24 30 63 77 88 122 114 137
48 4.661342660037691 9.596271086121426 3.622372804839893 5 32 40 41 64 65 14 18 20 59 22 35 57 27 46 49 95 98 101 72 99
49 7.358290697941117 8.248179542312286 2.2213871256518036 7 37 41 44 46 71 73 83 15 25 56 68 20 27 48 64 38 55 76 84 85 111 130 134
50 6.544668593979948 4.233723858558824 8.162556481949341 5 31 38 39 61 67 13 14 30 21 44 51 55 34 58 59 69 86 45 110
51 9.884387574478577 3.4409839313463797 4.518257963635581 6 36 38 43 56 62 78 19 23 29 54 21 44 50 55 79 80 37 60 68 71 76 94 104 91 103 118
52 2.19172318149893 4.5384135987477014 10.269658797399298 3 26 47 77 9 11 24 42 74 90 69 82 105 127
53 1.2710787913875032 8.849495869359165 7.528548641890778 5 33 69 72 81 96 12 16 24 35 59 61 77 105 65 75 119 123 113
54 11.568932387744333 1.8034922290555544 1.0138519570551496 4 36 60 66 91 9 23 29 43 51 78 56 68 79 103
55 7.9064838525160885 6.14560640769612 6.221978809385176 6 38 44 73 76 85 87 15 21 50 51 25 49 56 71 111 130 94 86 109 116 124 132
56 10.29646473230236 5.32130957460788 2.545550426968677 8 37 44 51 60 68 71 76 94 18 25 46 49 38 55 73 36 43 62 78 54 83 85 87 103 118 136 138
57 1.0583662744823208 11.836100628686083 0.43145929566031693 4 28 40 70 89 7 22 35 48 64 65 97 101
58 5.289509345751986 1.6225534861263924 10.57250708591047 5 30 34 39 63 93 11 17 31 42 19 45 50 67 74 102 112 114
59 5.17929391328078 8.129409592417707 7.046360249092332 5 32 61 69 72 86 15 18 20 48 50 53 77 96 105 65 75 119 123 85 109 135
60 11.03059332397821 4.676929216075774 0.55167034726193 3 54 56 68 11 36 66 91 37 44 51 71 76 94 46 83
61 5.709043376282996 5.955391512873089 8.86104685981772 4 50 59 69 86 13 31 38 39 67 32 72 53 77 96 105 85 109 135
62 10.129660793260618 2.069649613515594 6.441265917539747 6 43 51 78 79 80 104 11 29 36 38 56 91 94 103 118 121 117 153
63 3.4133289269743194 2.000575088298011 11.614672628029833 5 42 58 74 93 102 12 30 47 34 39 88 90 122 112 114 106 107 148
64 5.13535461763047 11.065372319166205 1.6031597006788756 6 40 41 48 95 98 101 15 22 35 57 65 20 27 46 49 32 139 84 111 115 144 89
65 3.19199028504094 11.024001673345317 4.4483197094904225 5 35 40 48 72 99 15 16 22 33 57 64 32 41 53 59 75 96 119 123 97 120
66 12.320373156923505 0.22551384521065643 0.034303302062479446 1 54 3 36 60 91
67 8.148734523628223 3.1509204348802777 8.691070375456524 4 39 45 50 110 12 30 31 34 58 19 38 61 100 108 117 124 131
68 10.093734531226982 7.169686603176091 0.49785611274236086 6 37 46 56 60 71 83 11 25 49 41 84 44 51 76 94 54 73 134
69 3.636008753561306 7.851624375703672 8.882404832856224 6 53 59 61 77 96 105 12 33 72 81 32 86 50 52 82 127 119 123 169
70 0.04063211303312109 12.369317871449104 2.428268985482651 3 57 89 97 5 28 40 101 75 99
71 9.616209014962735 7.564946659828782 3.0440756010386893 7 44 49 56 68 73 76 83 15 25 38 55 37 41 46 51 60 94 85 111 130 87 84 134
72 3.171722396687282 10.192547832533574 7.030421453878866 7 53 59 65 75 96 119 123 16 33 69 81 32 61 86 35 40 48 99 97 113 155 173 129 151
73 8.332503807448223 8.581206802254764 4.700879271125107 8 44 49 55 71 76 85 111 130 18 25 38 56 37 41 46 83 87 68 94 86 109 116 98 141 142 170 186
74 1.6527912598358663 2.1239165108173808 12.576081287721754 6 42 47 63 88 90 122 11 30 26 52 58 93 102 114 137 106 175 194
75 0.6601371059654682 11.410046486913231 6.0386201256183725 3 72 97 99 8 53 59 65 96 119 123 70 120
76 10.002838526793418 6.6747616080443395 4.880655433388754 8 44 55 56 71 73 85 87 94 20 25 38 49 37 51 60 68 83 111 130 86 109 116 124 132 78 103 118 136 138
77 3.427878710321983 6.247413295213233 10.861058267461692 5 52 69 82 105 127 10 26 47 53 59 61 96 125 169 160 165
78 11.951617269597081 2.9813548505505816 4.3676442318140785 10 36 43 51 62 79 91 94 103 104 118 14 23 29 54 80 38 56 76 136 138 128 150 117 121 153
79 12.188980979227946 0.6556473876219782 4.937238940516924 6 43 62 78 80 91 104 10 29 36 51 94 103 118 121 54 117 153
80 11.278795196247401 0.035496395928920066 6.813013395621508 5 43 62 79 104 121 8 29 36 51 78 91 117 118 153
81 0.2656009657384617 9.48910447720726 9.336979888360858 2 53 113 6 33 69 72 96 119 140
82 0.8159595339124515 7.294951549329851 11.450776628467318 2 77 125 5 52 69 105 127 160
83 10.029933991052467 9.108245453837064 1.2574970050205225 6 46 49 68 71 84 134 10 37 41 44 73 56 60 76 98 174 182
84 8.593136409864917 10.552437709123833 0.5769901955291834 3 46 83 98 11 37 41 49 68 71 134 64 95 111 115 144
85 8.483002900744596 8.254406698970929 6.780994346807616 7 55 73 76 86 87 109 116 18 38 44 49 71 111 130 56 94 59 61 135 124 132 145 167 92 129 141
86 6.565070600653367 8.4913288792144 8.560839606181062 5 59 61 85 109 135 13 32 69 72 50 55 73 76 87 116 145 167 151 163
87 10.063036796840162 5.965789799130037 7.201713966399899 5 55 76 85 124 132 15 38 44 73 56 71 94 86 109 116 108 110 145 179 138 181
88 0.5909206587257376 0.7362496744479685 13.775260488516604 2 74 122 7 42 47 63 90 106 175 194
89 1.8626522683082047 13.703736546348324 0.8059957725630351 3 57 70 101 6 28 40 97 64 95 139
90 0.9103421420878455 4.333749872916908 13.165307461401285 4 47 74 114 137 13 26 42 52 63 88 122 93 102 148 154 158 176 196
91 13.49978791551694 1.343886575952058 3.0681203369974286 4 54 78 79 103 12 36 60 66 43 51 62 94 104 118 80 128 150
92 6.3928702101479296 11.050258687503764 5.89924662276621 4 115 116 129 141 10 98 120 144 85 130 123 151 111 170 204
93 5.554339330332159 3.9428834439176175 12.314147506360026 5 58 63 102 112 114 15 30 34 39 42 74 106 107 148 157 164 172 90 137 154 158
94 12.326013909272785 5.570304773977139 3.922603235509321 7 56 76 78 103 118 136 138 25 37 44 51 60 68 71 55 73 85 87 36 43 62 79 91 104 128 150 147 178 183 195 132 181 190
95 5.3313962428015005 13.026114575705545 0.6188895581135689 4 64 98 101 139 11 40 41 48 84 111 115 144 89 156 161 180
96 3.276780947172284 9.9587987368563 9.430097021562274 5 53 69 72 119 123 13 33 81 59 61 77 105 65 75 113 155 173 129 151
97 0.3664273824362585 13.574300721399934 4.0152358520441656 3 70 75 99 5 57 89 72 65 120
98 7.116071497374334 12.009578847658187 2.585167228151257 6 64 84 95 111 115 144 18 40 41 48 101 46 83 139 73 130 141 142 170 92 120 161 180 193 211
99 2.320830940507519 13.123903103968168 4.929562971967498 4 65 75 97 120 8 35 40 48 72 70 115 129 155
100 8.911611803893052 1.0571426373833992 11.03493613448505 3 110 131 143 7 67 108 117 124 164 107 199
101 4.018132705004396 13.645035188117793 2.0689515477368525 4 64 89 95 139 9 40 41 48 98 57 70 156 161 180
102 4.762036665038365 1.7413278343792804 13.526142738084758 7 63 93 106 107 112 114 148 17 42 58 74 122 168 143 162 157 164 172 90 137 154 158 194 200 219
103 13.693949569344577 4.124288345648117 2.6963100660329786 5 78 91 94 128 150 17 36 43 51 62 79 104 118 54 56 76 136 138 133 147 178 187 202
104 12.560342685945436 2.130938878402504 7.163879630095407 8 62 78 79 80 117 118 121 153 14 43 51 36 91 94 103 110 131 184 138 150 188 192 198
105 4.217237339627067 7.871657990671155 11.738090639292276 4 69 77 127 169 12 53 59 61 96 52 82 125 160 165 163 185 197
106 3.670755918887121 0.22799510746766227 14.34879709188925 4 102 107 122 168 11 63 93 112 114 148 143 162 74 88 175 194
107 6.341658500650134 0.1103656998190683 13.392436062051996 5 102 106 112 143 162 11 63 93 114 148 122 168 157 164 172 100 199
108 8.758158497909502 5.689608688132699 10.635535213298276 4 110 124 126 145 11 67 100 117 131 87 132 179 163 185 109 205
109 8.663258889483476 8.20436271088726 8.953609857626361 5 85 86 135 145 167 16 55 73 76 87 116 59 61 151 163 108 124 126 205 186 221 229
110 9.884546432805855 3.7164575120944 10.573427610324995 6 67 100 108 117 124 131 13 39 45 50 143 126 145 104 121 184 87 132 179 164
111 9.390773253828502 11.026436783339765 3.7265919433228323 6 73 98 130 141 142 170 20 44 49 55 71 76 85 64 84 95 115 144 116 186 92 204 174 183 213 212 217
112 6.930861856250852 2.259143314532084 13.160614519726375 6 93 102 107 157 164 172 13 58 63 114 106 148 143 162 177 223 226 131 199 200
113 0.3657471001195356 11.957968617290526 9.199079836781694 3 81 119 140 7 53 72 96 123 155 173 171
114 3.3957309644030564 4.112241417427067 14.13827578605992 7 90 93 102 137 148 154 158 16 47 74 58 63 112 106 107 176 196 172 194 200 219 185 197 226
115 6.239445860478017 13.009181561307702 4.586055552196879 5 92 98 120 141 144 15 116 129 64 84 95 111 99 155 130 170 204 161 180 193 211
116 8.254126101965218 10.54992166801017 7.059639023759998 5 85 92 129 130 141 15 55 73 76 86 87 109 115 120 123 151 111 142 170 186 204
117 11.818020312104647 2.762146831720136 9.082513129476869 5 104 110 121 131 184 15 62 78 79 80 118 153 67 100 108 124 164 179 192 207 243
118 13.399540980288647 4.2564042444473005 5.7969965966132175 5 78 94 104 138 150 21 36 43 51 62 79 91 103 56 76 136 80 117 121 153 132 181 190 195 178 187 202
119 2.604789067452762 12.444519543910811 8.523786550483464 6 72 96 113 123 155 173 14 53 59 65 75 69 81 140 129 151 120 245 171 231 236
120 4.393474662493282 13.356749492850666 6.116360604361271 4 99 115 129 155 13 65 75 97 92 98 141 144 116 123 151 119 173 245
121 12.427143661809449 0.08481788992516393 9.23646275953745 3 80 104 117 9 43 62 79 78 118 153 110 131 184
122 2.0334975392518206 1.5811638434179676 15.276094114417011 5 74 88 106 175 194 11 42 47 63 90 102 107 168 249 148 158 242
123 4.534571226144042 11.904043994986605 8.885166311731684 6 72 96 119 129 151 173 17 53 59 65 75 69 113 155 92 116 120 135 210 214 220 171 231 236
124 10.710559855584577 5.953810447823771 9.617932631056206 6 87 108 110 132 145 179 15 55 76 85 126 67 100 117 131 138 181 109 205 184 207 262
125 0.6534981392990202 8.008093411509005 13.408581073125427 3 82 127 160 6 77 105 165 169 176 196
126 7.4173802658365995 6.782154869491306 12.034057659558997 4 108 145 163 185 11 110 124 109 205 135 169 214 224 227 154 226
127 3.2277942813767213 7.3656751111147 13.481945492295537 6 77 105 125 160 165 169 10 52 69 82 176 196 171 222 163 185 197
128 14.574797886700734 5.807681666077524 0.6301433133567302 4 103 133 147 178 10 78 91 94 150 146 136 206 209 195 237
129 6.445687552584598 12.052523350243899 7.75618856960361 5 92 116 120 123 151 14 115 141 85 130 99 155 72 96 119 173 135 210 214 220
130 9.985115008313251 10.717614533248977 5.9225693513294875 7 73 111 116 141 142 170 186 18 44 49 55 71 76 85 98 92 129 115 204 174 183 213 212 217 167 229
131 10.898624756871346 1.7386194129049226 11.35787449774529 4 100 110 117 164 12 143 67 108 124 104 121 184 112 157 172 177 199
132 12.113283199701694 6.738992237241845 7.659033145091172 4 87 124 138 181 13 55 76 85 108 110 145 179 94 118 136 190 195 183
133 15.596178683746945 3.0605148691849315 0.01989445912852439 2 128 146 4 103 147 178 149
134 12.17407657614897 10.228805751192898 1.0152656239886815 3 83 174 182 10 46 49 68 71 84 142 166 217 209 251
135 6.995102132167226 9.513736969809834 10.725223345683723 4 86 109 151 163 15 59 61 85 145 167 123 129 210 214 220 126 169 185 224 227
136 13.793240404860207 7.229219386600856 3.92192576215451 6 94 138 147 178 183 195 17 56 76 78 103 118 132 181 190 128 206 209 150 237 142 202 260 264
137 0.8301638683675527 4.471858432690952 15.451335045074908 5 90 114 158 176 196 11 47 74 93 102 148 154 194 219 160 197 265
138 13.592264584879485 6.382593081540988 5.8826176511700945 7 94 118 132 136 181 190 195 17 56 76 78 103 104 150 87 124 147 178 183 198 202 247 237 260 264
139 4.372041257692567 15.50889640811599 1.108978186458689 5 95 101 156 161 180 10 64 98 89 203 208 144 191 193 211 230
140 1.330791431468752 11.26522280486681 11.534175380199091 2 113 171 5 81 119 165 173 235
141 8.307052537369461 12.87796053318873 5.535480650469977 7 92 111 115 116 130 170 204 13 129 73 98 142 120 144 85 186 212 213 217 240 250
142 11.724807329944436 10.459146338623837 4.343634156402745 6 111 130 170 174 183 213 15 73 98 141 116 186 212 217 134 166 182 136 181 209 232 267
143 9.189344029631595 0.17930466095524622 13.47212879868406 4 100 107 164 199 10 110 131 102 106 112 162 157 172 177 271
144 6.872533040748858 14.501974463248391 3.178698430243858 6 98 115 161 180 193 211 17 64 84 95 111 92 120 141 139 208 191 230 212 217 258 240 273 309
145 9.504843568581492 7.752873043176938 10.870555046622044 5 108 109 124 126 205 13 110 85 86 135 167 87 132 179 163 185 224 274 285
146 16.413735473462133 0.5290936963715254 0.3054731184578241 2 133 149 4 128 187 189 225
147 14.562684267694262 7.449527768591344 2.0402851552650114 5 128 136 178 206 209 11 103 133 94 138 183 195 150 237 260 281 182
148 5.001106182402908 3.005761252871584 15.611060809610485 8 102 114 154 158 172 194 200 219 23 63 93 106 107 112 90 137 176 185 197 226 157 162 164 122 168 175 242 252 269 286 291 293
149 16.408973518929415 0.5909193285686287 2.935783910617449 4 146 187 189 225 7 133 150 238 253 279 266 234
150 15.733736826743998 4.102232895678646 4.346521223728956 5 103 118 178 187 202 20 78 91 94 128 104 138 136 147 195 206 237 149 189 225 238 253 279 190 198 297
151 6.437089207030868 11.766664203898394 10.205292587126596 6 123 129 135 210 214 220 18 72 96 119 173 92 116 120 86 109 163 229 250 224 261 280 236 254 295
152 0.630863621364246 15.488878600230018 6.767111517815869 3 159 216 218 3 239 246 263
153 14.99153359154851 2.0292113845982307 7.607047476944007 4 104 188 192 198 13 62 78 79 80 117 118 121 201 248 184 190 202 247
154 4.927265921278723 5.535395968998409 15.253904443564492 8 114 148 158 176 185 197 219 226 20 90 93 102 137 172 194 200 160 196 126 163 169 227 256 286 291 293 157 223 317
155 3.76694172044167 14.781869849369965 7.464961709320095 4 119 120 173 245 12 72 96 113 123 99 115 129 171 231 236 263 292
156 2.5143381001087883 16.73901456212458 1.6629969804043698 3 139 203 208 6 95 101 161 180 239 270
157 8.208460890211118 4.480296991154562 14.265528867697665 6 112 164 172 177 223 226 17 93 102 107 131 143 199 148 162 200 207 257 285 154 185 219 293 317
158 3.321966146606421 4.146304361194146 16.241005958673384 7 114 137 148 154 176 194 219 17 90 93 102 196 172 200 185 197 226 160 122 168 175 242 286 291 293
159 1.6781095261662937 16.32359795741053 4.808352625155905 3 152 216 218 3 239 246 263
160 1.1130322845987584 7.5548916920918385 15.326621209140656 4 125 127 176 196 10 82 77 105 165 169 137 154 158 197 265
161 5.04204058985303 15.962205031004704 3.6971785948843428 4 139 144 180 208 12 95 101 156 98 115 193 211 191 230 203 239 270
162 7.081475442341616 0.1095490051609449 15.614584563366467 3 107 168 172 10 102 106 112 143 175 194 148 157 164 200
163 6.89239491670345 9.200366994851876 12.731389892863461 7 126 135 169 185 214 224 227 17 108 145 86 109 151 105 127 165 197 154 226 210 261 280 205 285 288
164 9.769478080855745 2.339183408279717 13.918506060031035 7 112 131 143 157 172 177 199 13 93 102 107 100 110 117 223 226 148 162 200 207 271
165 3.0502539428871955 9.951267238609823 13.756295392994886 4 127 169 171 222 13 77 105 125 160 163 185 197 140 173 235 215 255 300
166 11.156316680491067 13.203635658197594 1.316139016340263 2 174 217 8 134 142 182 170 193 212 258 314
167 10.531197584151876 10.257316127220605 9.200514638898696 4 109 186 221 229 12 85 86 135 145 130 170 213 268 284 210 250 310
168 4.425997039537348 0.07076988733623502 16.771711798553298 4 106 162 175 194 8 102 107 122 172 249 148 158 242
169 4.93094718318523 8.738835073918327 14.149868315059972 6 105 127 163 165 185 197 16 69 77 125 160 126 135 214 224 227 171 222 154 226 176 219 256
170 10.59354514209804 12.666049056335588 5.4109821297705984 8 111 130 141 142 186 212 213 217 18 73 98 116 92 115 204 174 183 167 229 193 211 258 259 232 267 166 314
171 3.5200116935427728 11.946413459617125 12.131033128988783 4 140 165 173 235 12 113 127 169 222 119 123 155 231 236 254 261 315
172 7.653104581771313 2.285264631681385 15.460213464956464 6 112 148 157 162 164 200 17 93 102 107 114 154 158 194 219 177 223 226 168 131 143 199 252 269
173 3.39488494019351 13.847564506764911 9.977158711334347 6 119 123 155 171 231 236 16 72 96 113 129 151 120 245 140 165 235 272 275 277 220 292 323
174 12.749283482463106 11.763332093420953 2.4476463389902214 5 134 142 166 182 217 12 83 111 130 170 183 213 209 251 193 212 258 314
175 1.8691623838037952 0.7809891442466643 17.401501720230385 4 122 168 194 249 7 74 88 106 162 148 158 242
176 2.200490337270069 5.949740353382076 16.400481757504963 6 137 154 158 160 196 197 12 90 114 148 185 219 226 194 125 127 265 169 256
177 10.420851575735842 4.200196326823602 13.546216230753632 4 157 164 207 223 12 112 172 226 131 143 199 179 184 243 257 276 285
178 16.13222493689502 6.51825319611846 2.9793177412779803 7 128 136 147 150 195 206 237 17 103 133 94 138 183 209 118 187 202 181 190 260 264 281 228 253 306
179 12.472948789167111 5.91821324293051 11.14269631118769 4 124 184 207 262 13 87 108 110 132 145 117 192 243 177 257 276 311 336
180 6.7398492539427535 16.34000695368783 2.205935270677699 7 139 144 161 191 193 211 230 13 95 101 156 98 115 208 212 217 258 240 273 309 283
181 14.222761333790555 8.351682321477224 6.762742750305559 5 132 138 183 190 195 14 87 124 94 118 136 142 209 198 202 247 178 237 260 264
182 14.449849567452588 10.497993598013577 0.3678299352414216 4 134 174 209 251 12 83 142 166 217 147 183 206 260 302 308 326 329
183 14.335927136794533 9.848740540832797 4.265106449598011 4 136 142 181 209 15 94 138 147 178 195 111 130 170 174 213 132 190 182 206 260
184 13.567183110700803 3.7180167610107073 11.089970590490253 5 117 179 192 207 243 16 104 110 121 131 124 262 153 188 198 201 177 257 276 233 289 353
185 6.98987872780406 7.171858289754023 14.881712908339551 6 126 154 163 169 226 227 20 108 145 114 148 158 176 197 219 135 214 224 105 127 165 157 223 293 317 285 288
186 10.967976142288824 12.009908840197037 7.712191991058774 5 130 167 170 213 229 14 73 111 116 141 142 109 221 212 217 232 267 210 250 310
187 17.264962994026646 2.7734172363209453 4.2973570034140085 7 149 150 189 225 238 253 279 10 146 103 118 178 202 266 234 228 237 297
188 15.559294869659714 0.42159127100264815 9.162702908209832 4 153 192 201 248 7 104 198 184 233 287 290 320
189 17.35467663959635 0.5991775531458776 5.078488872642359 4 149 187 225 266 7 146 150 238 253 279 234 290
190 15.520034347452135 5.8221379523042405 7.35658002200938 6 138 181 195 198 202 247 17 94 118 132 136 183 178 237 260 264 153 192 150 253 297 278 316 337
191 8.257646247890795 16.181171585825027 0.6439472057392592 3 180 193 230 8 139 144 161 211 212 217 258 283
192 15.099118204823396 3.2038870839846556 9.667706367141502 5 153 184 188 198 201 11 104 117 179 207 243 248 190 202 247 233 287
193 9.396393606608843 15.362619198783642 2.8178568719495622 7 144 180 191 211 212 217 258 14 98 115 161 139 230 240 273 309 170 259 166 174 314 312
194 3.1533309756412287 2.3908106159538267 17.85463892908073 6 122 148 158 168 175 242 14 74 88 106 102 114 154 172 200 219 137 176 162 249 291
195 16.088529641242445 7.200775450459727 5.2690289751671004 9 136 138 178 181 190 202 237 260 264 19 94 147 183 118 132 128 150 206 198 247 253 297 228 306 209 324 303 344 360
196 0.33100346665428937 6.4554815720454295 17.23536814925014 4 137 160 176 265 7 90 114 158 125 127 154 197
197 4.429879987378422 7.067911768169277 16.466201396486436 5 154 169 176 219 256 20 114 148 158 185 226 105 127 163 165 137 160 196 200 286 291 293 255 300 304 331
198 16.436797045192634 3.737639035429261 7.56670984376111 5 153 190 192 202 247 13 104 188 138 181 195 184 201 150 253 297 278 316 337
199 11.43684947104489 0.33444941359266345 14.57956291220297 3 143 164 271 10 100 107 112 131 157 172 177 282 289 367
200 6.474995422830205 2.5870045967098942 17.23601677213818 5 148 172 219 252 269 18 102 114 154 158 194 112 157 162 164 197 226 286 291 293 244 298 305 328
201 14.945871190482576 0.9584995661964557 11.021946571231158 4 188 192 233 287 10 153 248 184 198 243 318 301 320 335 362
202 16.825417824164106 5.355303151112998 5.899292674765526 6 150 190 195 198 253 297 16 103 118 178 187 138 181 247 136 237 260 264 153 192 238 279 316
203 3.142246042836625 18.377806745448932 0.43424033375281557 2 156 208 4 139 161 239 270
204 8.419229446939713 14.957403644726872 7.354295796766204 3 141 240 250 13 92 111 115 116 130 170 211 309 319 210 220 229 325
205 10.659770565723022 8.130889758010017 13.008210285618954 4 145 224 274 285 16 108 109 124 126 163 214 227 280 268 311 330 368 223 257 339 370
206 16.76976340882691 8.218394562154906 1.4112586843557517 6 147 178 209 237 260 281 12 128 136 150 195 182 183 228 253 306 264 324 372
207 12.514691237220008 4.681914213528993 13.22408659519359 6 177 179 184 243 257 276 16 157 164 223 124 262 117 192 233 289 353 285 296 330 341 311 366
208 3.7860920795833053 18.155538345424386 3.0861980654496346 5 156 161 203 239 270 6 139 144 180 216 283 299
209 15.867143605788137 9.789933072060562 2.6817368276295905 5 147 182 183 206 260 14 128 136 178 134 174 251 142 181 237 281 195 264 306 324
210 9.094251385851813 12.572807786689753 10.712542191443465 4 151 214 229 250 13 123 129 135 220 163 224 261 280 167 186 310 204 325
211 8.018965616409552 16.406010836949164 4.727933879694102 7 144 180 193 212 240 273 309 15 98 115 161 139 191 230 217 258 170 259 204 319 313 345 351
212 10.267376088524859 15.154481334518604 4.61583335323053 6 170 193 211 217 258 259 16 111 130 141 142 186 213 144 180 191 240 273 309 166 174 314 312
213 12.649963141020276 12.672383445405298 6.113254486414159 5 142 170 186 232 267 14 111 130 174 183 141 212 217 167 229 321 322 310 338 346
214 8.100528591372992 11.797130353823707 12.416158787837045 6 151 163 210 224 261 280 18 123 129 135 220 126 169 185 227 229 250 205 285 235 254 288 348 339 347
215 0.8815641762820103 12.124818679596125 14.560931462902417 2 222 294 5 165 255 300 315 365
216 0.3481598162422195 18.180734956978174 5.569314509399272 4 152 159 218 239 4 246 263 208 270
217 11.97317982248836 14.378558323654836 3.458025477680109 7 166 170 174 193 212 258 314 18 111 130 141 142 186 213 134 182 144 180 191 211 259 312 302 334 346 388
218 1.3455979823509745 17.559847046553326 7.2183282191320375 5 152 159 216 246 263 6 239 272 275 333 245 299
219 5.203298322773011 4.839643079126512 17.67433798008287 9 148 154 158 197 200 226 286 291 293 16 102 114 172 194 176 185 137 169 256 252 269 157 223 317 305 242
220 6.516493090758373 14.490859575186143 10.60218630981888 5 151 236 250 254 295 16 123 129 135 210 214 173 231 245 292 323 204 229 325 235 261 359
221 13.007885882640249 9.649326893083918 10.15966517623073 3 167 268 284 8 109 186 229 274 347 278 349 354
222 1.4899943003004523 10.664303530629994 15.830247055456127 4 165 215 255 300 10 127 169 171 294 256 307 340 315 331 377
223 9.82072452339731 6.19540947510739 15.230165597984273 5 157 177 226 257 285 19 112 164 172 207 154 185 219 293 317 276 296 330 341 205 224 227 274 339 370
224 9.314621556012073 10.123564062372402 13.34385125313199 6 163 205 214 227 280 285 16 126 135 169 185 145 274 151 210 261 288 339 347 223 257 330 370
225 18.954597687091884 0.8435547496423368 2.816724483312738 5 149 187 189 234 238 6 146 150 253 279 266 228
226 7.420940108138532 6.055345862861916 16.625279784633946 7 154 157 185 219 223 293 317 22 114 148 158 176 197 112 164 172 177 126 163 169 227 200 286 291 257 285 305 298 332 369
227 7.803735542417982 9.024076606978152 15.04112125586122 5 163 185 224 285 288 16 126 135 169 214 154 226 205 280 223 257 274 330 339 370 261 364
228 18.615099284105536 4.6658837492268335 1.391594991714049 3 234 237 238 9 225 178 195 206 253 260 306 187 279
229 10.971919954261278 12.551587859016472 9.656950645260167 5 167 186 210 250 310 14 109 221 130 170 213 151 214 204 220 325 267 338 376 384
230 6.639901709664802 18.09859927436665 0.15096397074524148 3 180 191 283 6 139 144 161 193 211 270
231 2.3348182492392144 15.329995588558972 11.526851425359776 5 173 236 272 275 277 13 119 123 155 171 220 245 292 323 246 333 342 352 363
232 13.878802777126445 11.203126719153031 7.666959590982452 4 213 267 321 322 9 142 170 186 310 338 346 303 334 392
233 14.265476168870714 0.5280208632128636 13.160244748252934 3 201 243 318 11 188 192 287 184 207 276 289 353 362 383 394
234 19.342022663567704 2.0661863868044916 0.3481474734297585 2 225 228 5 149 187 189 238 237
235 3.9870977956444786 13.188935450679642 13.822924984619629 4 171 254 261 315 13 140 165 173 220 295 323 214 288 348 294 300 365 378
236 4.882517836064224 15.995661395898155 10.103504922324014 6 173 220 231 245 292 323 18 119 123 155 171 151 250 254 295 272 275 277 263 327 352 380 371 396 398
237 18.140993733191785 6.689651837807364 3.388396497139534 7 178 195 206 228 253 260 306 17 128 136 147 150 138 181 190 202 264 209 281 234 238 187 279 297 324
238 19.183893860901314 3.558110037985598 2.9897378619191572 5 187 225 228 253 279 8 149 150 189 234 237 202 297 266
239 2.24068625886483 19.222430674628413 3.9615640152408194 3 208 216 270 8 156 161 203 152 159 218 283 299
240 7.6180998311667425 16.95151517433143 6.696099713660528 4 204 211 309 319 10 141 250 144 180 193 212 273 351 299 327
241 0.2550946828670053 19.711407425197216 1.4028709278262408 0  0 
242 2.452470362190806 3.921263812926097 19.221477457098317 2 194 291 8 122 148 158 168 175 219 286 293
243 13.940927537165106 2.966535215815602 13.707825465604158 6 184 207 233 276 289 353 17 117 179 192 177 257 201 318 311 341 366 271 282 296 343 389 394 397
244 9.57961820271537 0.37497315688737487 17.308256988438814 4 252 282 298 328 9 200 269 305 271 289 296 343 355 317
245 4.28995365964334 17.58367495455022 8.030491288533703 4 155 236 263 292 12 119 120 173 220 231 323 218 299 275 327 352 380
246 1.00440767495801 17.48123859367684 9.249706386948233 4 218 272 275 333 9 152 159 216 263 231 277 342 292 352
247 16.599954342531234 6.2865055782440615 9.00115731747734 5 190 198 278 316 337 14 138 181 195 202 153 192 284 354 358 297 344 301 336 400
248 17.579838696886693 1.2321978760353458 9.272579711778771 4 188 287 290 320 8 153 192 201 301 318 335 362 266
249 0.41688385555364693 0.8515338184259758 19.94646372476096 1 175 3 122 168 194
250 9.35346665364448 14.618586543378985 10.008666637703874 5 204 210 220 229 325 12 141 240 151 214 236 254 295 167 186 310 359 375
251 15.46053068843225 12.72308666617256 0.8901797682066936 5 182 302 308 326 329 10 134 174 209 312 314 361 303 334 372 393
252 7.894372720682825 1.681243363040732 18.44472288353321 6 200 244 269 298 305 328 9 148 172 219 282 286 296 317 355 293
253 18.995874194587504 5.092314426467386 4.495414609814818 6 187 202 237 238 279 297 14 149 150 189 225 190 195 198 178 206 228 260 306 266 316
254 5.784149062113415 14.43144954991681 12.898678816746898 5 220 235 261 295 323 15 151 236 250 171 315 214 288 348 325 359 292 371 380 396 398
255 1.8935447220869817 9.71041858353836 17.643490138664397 5 222 256 300 307 340 7 165 215 197 304 331 315 377
256 4.012209938234048 9.664072210948817 17.36037950011859 5 197 255 300 304 331 11 154 169 176 219 222 307 340 315 377 332 399
257 11.870368662316796 6.306412844016438 15.206191147571616 7 207 223 276 285 296 330 341 20 177 179 184 243 157 226 289 311 366 205 224 227 274 339 370 282 298 343 369 401
258 11.141426102031605 16.823561819563857 2.6972498748082874 4 193 212 217 312 14 144 180 191 211 170 259 166 174 314 302 308 356 361 387
259 11.154921166199014 15.829612814375507 6.317037710774782 1 212 5 170 193 211 217 258
260 17.959761074511054 8.8244722483042 3.806740114537588 7 195 206 209 237 264 306 324 15 136 138 178 181 190 202 147 281 182 183 228 253 303 344 360
261 6.377771234199909 12.59894404398484 14.706062440801437 5 214 235 254 288 348 15 151 163 210 224 280 171 315 220 295 323 227 364 371 378 390
262 15.206692072531416 6.770334185071709 11.914454705823871 3 179 311 336 12 124 184 207 274 276 330 341 374 337 354 358 400
263 3.3513004167819505 18.983545251596876 6.925427714915462 3 218 245 299 9 152 159 216 246 155 236 292 270 319
264 17.238340324034475 9.473892007377103 5.961072735481534 5 195 260 303 344 360 16 136 138 178 181 190 202 237 206 209 306 324 322 326 334 316 404
265 0.42493494806575605 6.12865165485208 19.643713853876818 1 196 3 137 160 176
266 19.519853197855234 0.7791772554686993 6.494403630895644 3 189 279 290 8 149 187 225 238 253 297 248 320
267 13.649451840921355 13.395458019772843 7.77888047347826 6 213 232 310 321 338 346 10 142 170 186 322 229 376 384 406 314 418
268 12.516312032400293 10.719645441545595 12.448564102898786 3 221 274 347 10 167 284 205 285 311 330 368 280 375 402
269 6.213512335657936 1.7577255593237062 19.632959966064707 3 200 252 286 9 148 172 219 244 298 305 328 291 293
270 5.144110229189223 19.731827283624952 3.4117798707504976 4 208 239 283 299 7 156 161 203 216 230 263 319
271 12.982653640335045 0.26460683682699937 16.11054870681551 4 199 282 289 367 15 143 164 244 296 298 343 355 243 276 353 366 379 383 397 432
272 0.3767002013510501 17.016117942800847 11.779374324819717 6 231 246 275 277 333 342 8 173 236 218 292 352 363 382 414
273 8.77202832829163 18.43046522213423 3.5952342883917066 4 211 309 313 345 8 144 180 193 212 240 319 351 356
274 12.408407697375004 9.187740346257467 13.839387437766248 6 205 268 285 311 330 368 17 145 224 221 347 223 227 257 339 370 262 276 341 374 401 405 421 435
275 2.2959621606010616 17.44241202137291 10.989176350762504 6 231 246 272 292 333 352 9 173 236 277 218 342 245 323 327 380
276 13.482781294345942 4.82237118402848 15.013087476782552 7 207 243 257 289 311 341 366 17 177 179 184 233 353 223 285 296 330 271 282 343 262 274 374 397 420
277 1.8302475153408038 15.767978674218046 13.439785662157222 4 231 272 342 363 11 173 236 275 246 333 382 414 371 398 403 424
278 16.7614867289431 8.342903940551313 9.117776937500345 5 247 284 316 354 358 9 190 198 337 221 349 297 344 336 419
279 19.873531248444053 3.0428895647574006 5.457672980105683 5 187 238 253 266 297 9 149 150 189 225 228 202 237 290 316
280 9.8993848783363 12.141734428292171 13.746104361351353 4 214 224 339 347 13 151 163 210 261 205 227 285 364 370 385 268 375 402
281 18.21935273226558 10.174597061794195 0.37748867764559435 4 206 306 324 372 7 147 178 209 237 260 329 393
282 11.313924383986542 1.7107646398267073 17.459977068486747 7 244 271 289 296 298 343 355 13 252 328 199 367 243 276 353 366 257 369 305 317 379
283 6.620824832492538 19.745191506001337 1.4547904967068126 2 230 270 5 180 191 208 239 299
284 15.31163977670614 9.531999999958444 10.62410138777992 4 221 278 349 354 8 167 268 247 316 358 405 419 336
285 10.49769173356976 8.907611887035687 15.782975321738189 9 205 223 224 227 257 274 330 339 370 20 145 157 177 226 163 214 280 185 288 207 276 296 341 268 311 368 401 364 385 442
286 5.360310050730983 3.7088091338398854 19.941047978250836 5 219 269 291 293 305 10 148 154 158 197 200 226 252 242 298 317
287 17.191601543325874 1.9299048818197218 11.88359660875738 7 201 248 301 318 320 335 362 9 188 192 233 290 337 353 383 394 413
288 7.301766246537529 11.28029537541452 16.123249202746337 3 227 261 364 12 163 185 224 285 214 235 254 348 339 370 422 423
289 13.5947897718432 2.5375871720111665 15.831750747360886 8 243 271 276 282 296 343 353 366 17 184 207 233 199 367 257 311 341 244 298 355 369 318 389 394 397 420
290 19.25443948036138 1.9852225225407771 8.20771191487272 3 248 266 320 5 188 287 189 279 335
291 4.0657413054834235 5.48420429210966 19.888124151261202 4 219 242 286 293 9 148 154 158 197 200 226 194 269 305
292 4.270894715035007 17.8994265718407 10.191565894992621 7 236 245 275 323 327 352 380 15 173 220 231 155 263 246 272 333 254 295 371 396 398 319 381
293 6.302749516335897 6.024137823928082 19.14962873548862 5 219 226 286 291 305 13 148 154 158 197 200 157 185 223 317 269 242 252 298
294 1.0605869010270164 13.741400830218664 15.908975263616757 3 215 315 365 6 222 235 300 378 403 415
295 7.397040058073134 15.44927216223256 12.280045579348485 5 220 254 323 325 359 12 151 236 250 235 261 292 371 380 396 398 375 411
296 11.506523296050952 4.124583952867691 17.180951753655904 6 257 282 289 298 343 369 16 207 223 276 285 330 341 244 271 355 243 353 366 252 305 317 328
297 19.11345901931282 5.145029655517455 7.292347456009178 4 202 253 279 316 13 150 190 195 198 187 237 238 266 247 278 337 344 358
298 9.636853273239625 2.892240821285763 18.545516706028003 8 244 252 282 296 305 317 328 355 12 200 269 271 289 343 257 369 286 293 226 332 379
299 5.936388742084149 19.471933485276484 5.734170577416182 3 263 270 319 8 218 245 208 239 283 240 309 327
300 3.2315335116140442 11.855468349562383 17.274039977417402 7 222 255 256 315 331 340 377 10 165 215 307 197 304 235 294 365 378 399
301 17.19469431749996 4.2153842253067975 11.716440560020786 3 287 335 337 10 201 248 318 320 362 247 316 336 358 400
302 14.791580253294905 15.105832725369726 2.095373305157948 6 251 308 312 314 326 361 13 182 329 258 356 387 217 334 346 388 303 395 407 410
303 17.024690374126635 12.000288261790981 4.371935399404778 5 264 322 326 334 360 12 195 260 344 232 321 392 251 302 329 314 388 404
304 6.29125867241032 9.261535465537435 18.16282449249445 3 256 331 332 7 197 255 300 377 399 317 391
305 7.675634486362561 4.372616966796952 19.439443156801936 5 252 286 293 298 317 12 200 244 269 328 219 291 226 282 296 355 332 369
306 19.78049502259467 7.972885508797223 1.6343089072493466 4 237 260 281 324 8 178 195 206 228 253 209 264 372
307 2.067503109965698 8.671020222551578 19.451619039310067 2 255 340 4 222 256 300 377
308 14.835349719660925 15.419098554270363 0.05624045238906916 3 251 302 312 8 182 326 329 314 361 258 356 387
309 8.909556887165957 18.63684283884316 5.58799313414986 5 211 240 273 319 351 12 144 180 193 212 204 313 345 299 327 350 373 412
310 12.539086343387567 14.757644658228589 9.21533794061574 5 229 267 338 376 384 17 167 186 210 250 213 232 321 346 406 373 375 408 433 439 417 418 445
311 14.491413444795977 7.282329430677401 14.09674331770649 6 262 274 276 330 341 374 16 179 336 205 268 285 368 207 243 257 289 366 370 401 400 405 409
312 13.573154569889834 16.641375220544994 1.0490554004902597 6 258 302 308 356 361 387 11 193 212 217 251 314 326 313 395 407 410 428
313 9.794348451522659 19.11444950274481 1.0062561720067098 3 273 345 356 4 211 309 312 387
314 14.530156484849627 15.190597645451586 4.623996155818535 5 217 302 334 346 388 21 166 170 174 193 212 258 251 308 312 326 361 303 322 267 384 418 407 410 427 446 453
315 3.645459482826281 13.934041587201937 16.021312317420918 5 235 294 300 365 378 15 171 254 261 215 222 255 256 331 340 377 403 415 348 371 390
316 18.628426329484245 7.1009923998697655 8.290985790532108 6 247 278 297 337 344 358 11 190 198 284 354 202 253 279 301 336 400 264
317 9.39202207537849 5.680990775931831 18.652966428048273 5 226 298 305 332 369 16 154 157 185 219 223 293 244 252 282 296 328 355 286 304 391 343
318 16.25514514362183 0.9290803074935816 14.338141848798225 6 233 287 353 362 383 394 13 201 243 248 301 320 335 289 366 389 397 413 367 452
319 7.39052389982068 18.95967458309514 7.859565671632169 4 240 299 309 327 8 204 211 263 270 273 351 292 381
320 19.114972910097322 0.5858740718623334 10.703582319311508 4 248 287 290 335 6 188 201 301 318 362 266
321 15.433417326291279 12.409834363470669 9.423563563393781 4 232 267 322 338 8 213 310 346 303 334 392 376 406
322 16.540675366202755 12.454545691701902 7.239427669867231 5 232 303 321 334 392 11 213 267 264 326 360 338 314 388 417 426 430
323 5.484519729052768 17.041088718624067 12.674759114765774 8 236 254 292 295 371 380 396 398 18 173 220 231 245 235 261 275 327 352 325 359 348 363 378 424 381 440 441
324 19.192774530598893 10.342865079137496 2.4343265273676495 3 260 281 306 6 195 206 209 237 264 372
325 9.896881864534661 15.62010645632688 11.84812978899965 4 250 295 359 375 12 204 210 220 229 254 323 396 411 347 376 402 444
326 17.113169229182002 13.528349822441367 2.6905524302175143 5 251 302 303 329 334 11 182 308 312 314 361 264 322 360 372 393 388
327 6.741666257273713 18.585594430771092 9.724274860665961 3 292 319 381 10 236 245 275 323 352 380 240 299 309 396
328 9.812114254325564 0.35032001711983174 19.755648981019725 4 244 252 298 355 8 282 200 269 305 296 317 343 379
329 17.595442984136977 13.371788172330557 0.4779497829032797 4 251 326 372 393 7 182 302 308 303 334 281 427
330 12.709018513833414 8.094614711196808 16.240964797018282 7 257 274 285 311 341 370 401 17 207 223 276 296 205 268 368 224 227 339 262 374 366 364 442 391 429
331 5.184971821992339 11.173325443683728 18.416777087388457 5 256 300 304 377 399 7 197 255 222 315 340 332 390
332 8.768385195565255 8.111117366459508 18.71409856647692 3 304 317 391 7 256 331 226 298 305 369 401
333 0.821139428465707 19.581791377348647 10.502929829211602 4 246 272 275 352 6 218 231 277 342 292 380
334 16.56602846900646 13.889469297429953 5.291328996244045 5 303 314 322 326 388 15 264 360 217 302 346 232 321 392 251 329 407 410 427 446 453
335 19.051575997399453 3.149457978650805 11.104095018048739 3 287 301 320 6 201 248 318 362 337 290
336 17.161041432018436 7.311543640659348 12.236394649717731 6 262 337 354 358 374 400 11 179 311 247 301 316 278 284 349 419 405 409
337 18.54915197174414 6.267517205321771 10.7539505289343 6 247 301 316 336 358 400 10 190 198 278 287 335 297 344 262 354 374
338 14.052908124084285 13.754297736039165 10.628480547043647 5 267 310 321 376 406 14 213 232 346 229 384 322 373 375 408 433 439 416 448 464
339 11.197866893561548 11.327032404593705 15.714524142720666 5 280 285 364 370 385 18 214 224 347 205 223 227 257 274 330 288 422 423 368 401 442 402 449 454
340 1.750952753723678 11.402090156762345 19.174596565080556 4 255 300 307 377 5 222 256 315 331 399
341 13.964179312321377 6.412836037705811 16.3164431651235 5 257 276 311 330 366 15 207 223 285 296 243 289 262 274 374 370 401 343 353 397 420
342 0.30317696925524107 17.34760396357503 14.189266662607075 4 272 277 382 414 7 231 246 275 333 363 403 463
343 13.086187179276836 3.0089772704471507 17.96383933202752 6 282 289 296 355 366 369 13 244 271 298 243 276 353 257 328 379 341 397 420 317
344 19.828513024674127 8.18525783418108 6.666764586801595 2 264 316 9 195 260 303 360 247 278 297 337 358
345 9.98518855077509 19.905713770465482 2.9837296610857456 2 273 313 3 211 309 356
346 14.356934801696678 16.06746640156662 6.707479803836676 4 267 314 384 418 15 213 232 310 321 338 217 302 334 388 376 417 445 410 412 425
347 12.25964183635079 13.490010935898544 13.359020956009186 4 268 280 375 402 11 221 274 214 224 339 325 376 411 444 385 448
348 7.629326147604374 14.675353775682662 15.401789650920623 4 261 371 378 390 12 214 235 254 288 323 363 396 398 424 315 399 423
349 15.786842468848548 10.423658570974288 12.394170577746335 4 284 354 405 419 13 221 278 336 358 368 374 409 421 435 416 434 459 470
350 9.700055097278813 17.974525244313003 9.761215480995077 3 351 373 408 5 309 412 376 425 450
351 10.458775680723388 18.464488701957276 7.962790232983266 4 309 350 373 412 8 211 240 273 319 408 376 425 418
352 3.4337679070811644 19.88120484682268 10.407219905786436 4 275 292 333 380 10 231 246 272 236 245 323 327 381 396 398
353 16.284284000775564 3.6555765322880607 15.447140412922305 7 243 289 318 366 389 394 397 18 184 207 233 276 271 282 296 343 287 362 383 341 420 438 413 452 367 432
354 17.266774167420063 9.535573704008815 11.323589849699056 6 278 284 336 349 358 419 12 247 316 221 262 337 374 400 405 416 434 459 470
355 11.722117226116415 1.8127485875969906 19.463043454238907 5 282 298 328 343 379 10 244 271 289 296 252 305 317 366 369 367
356 12.439780435780197 19.174647694993638 0.06707337423673465 3 312 313 387 7 258 302 308 361 273 345 428
357 12.081894035348476 18.768287485490628 4.933186127900249 1 395 1 361
358 18.60809031893888 8.61116407193614 10.131149257550284 5 278 316 336 337 354 10 247 284 297 344 262 374 400 301 349 419
359 8.713131028981923 16.86279113672327 12.909940306155363 4 295 325 396 411 12 220 254 323 250 375 371 380 381 398 440 441 402
360 19.10277353935708 11.632075762011652 5.284898497347528 3 264 303 404 8 195 260 344 322 326 334 426 446
361 14.56039365781474 17.580188895464936 2.722948674774144 5 302 312 395 407 410 15 251 308 314 326 258 356 387 357 388 427 453 462 418 445 451
362 18.383535700973308 0.20608764678283542 13.823069664243594 4 287 318 383 413 9 201 248 301 320 335 233 353 394 367
363 3.3935624095034234 17.037292081653273 15.206725709656194 6 277 371 398 403 414 424 15 231 272 342 323 348 378 396 380 365 437 382 463 457 461 477
364 9.63622468746757 11.158761020554056 17.770299193126682 5 288 339 370 422 423 11 227 261 280 285 385 330 368 401 442 449 390
365 2.4599007129835515 14.980624316364871 17.421314924191485 4 294 315 403 415 9 215 235 300 378 363 414 424 437 447
366 14.818458575037234 4.509068321365741 17.15635669624534 7 276 289 341 343 353 397 420 19 207 243 257 311 271 282 296 330 355 369 318 389 394 367 432 452 429 431 468
367 15.030778578419252 0.4466522002475015 17.682525308801065 5 271 379 383 397 432 13 199 282 289 355 318 362 394 413 353 366 420 452 456
368 14.141991135473809 10.665483210746945 15.060608579982757 5 274 370 405 421 435 15 205 268 285 311 330 339 364 401 442 349 374 409 436 443 475
369 12.152089382537907 5.357316834714769 19.176810140300404 3 296 317 343 9 257 282 289 298 226 305 332 355 366
370 12.299692727019185 10.077151422703615 17.076572810846056 7 285 330 339 364 368 401 442 19 205 223 224 227 257 274 311 341 280 385 288 422 423 405 421 435 391 429 443
371 5.727402232199603 16.500113956144542 15.48144569940234 7 323 348 363 378 396 398 424 19 236 254 292 295 380 261 390 277 403 414 315 359 381 440 441 437 457 461 477
372 19.7832671779538 12.439655484904542 0.05406817335926295 3 281 329 393 6 206 306 324 251 326 427
373 11.827271849790595 17.81572492313332 9.512845272618225 6 350 351 376 408 412 425 10 309 310 338 375 384 433 439 450 418 474
374 16.986012834401443 7.866673355110572 14.175768141866158 5 311 336 400 405 409 15 262 274 276 330 341 337 354 358 349 368 421 435 431 436 460
375 11.788414248474846 15.690015362649001 12.970069662069715 6 325 347 376 402 411 444 18 250 295 359 268 280 310 338 373 384 408 433 439 385 448 441 469 471 479
376 13.017357133460653 16.18990936392362 11.08574635636609 8 310 338 373 375 384 408 433 439 23 229 267 321 406 350 351 412 425 325 347 402 411 444 346 417 418 445 450 416 448 464 465 474
377 3.9181755167661025 12.503377356515152 19.639186002514485 4 300 331 340 399 7 222 255 256 315 304 307 390
378 5.5383935002467055 14.926594122017347 17.45093661609467 4 315 348 371 390 12 235 294 300 365 261 323 363 396 398 424 399 423
379 13.311519404966852 0.1606662295323913 19.540105834666054 2 355 367 8 282 298 328 343 271 383 397 432
380 5.286577357256204 19.39613362577635 12.57337158451616 6 292 323 352 381 396 398 13 236 245 275 327 254 295 371 333 359 440 441 363 424
381 7.467085216347904 19.411480770127536 11.591437434479449 3 327 380 396 9 292 319 323 352 398 359 371 440 441
382 0.9340894917862919 19.250789795598568 14.05194973455432 2 342 414 5 272 277 363 403 463
383 17.5242373301271 0.5176191066730906 16.20098226215566 5 318 362 367 394 413 9 233 287 353 271 379 397 432 389 452
384 14.777627225241678 16.62068083843235 8.875511204165075 6 310 346 376 417 418 445 18 229 267 338 314 373 375 408 433 439 392 416 455 458 465 410 412 425 476
385 10.50319113090216 13.934040876820223 16.424008246775486 4 339 402 449 454 11 280 285 364 370 347 375 411 448 422 467 484
386 19.334348040770678 11.489198204229577 8.314511240429843 2 430 434 5 392 426 458 416 419
387 14.742118288121858 18.91922146232757 0.01247746638750602 3 312 356 428 6 258 302 308 361 313 462
388 17.241741288515456 16.195141037382164 4.163449076524044 7 314 334 407 410 427 446 453 15 217 302 346 303 322 326 361 462 418 445 451 393 404 426 476
389 18.96042276839794 3.9098996055986612 14.218575683307048 3 353 394 438 10 243 289 318 366 397 383 413 452 431 460
390 7.527150407222352 14.163151088068524 17.967719603587756 4 348 378 399 423 7 261 371 315 331 377 364 422
391 11.242678913158727 8.319346055178197 19.61023357700434 2 332 401 6 304 317 330 370 429 442
392 17.41419323620064 14.415839944279224 8.319004344560597 4 322 417 426 430 14 232 303 321 334 384 416 433 455 458 465 404 446 386 434
393 18.970688212171957 14.910671343035444 0.26413884554615574 3 329 372 427 7 251 326 281 388 407 446 453
394 18.025480379483643 2.6323253824876813 15.851462711374635 7 318 353 383 389 397 413 452 13 233 287 362 243 289 366 367 438 420 432 431 456 468
395 13.399408626551978 19.8536359123769 3.6323460011267894 2 357 361 4 302 312 407 410
396 6.784151706623578 18.499724809256183 14.117927676970815 8 323 359 371 380 381 398 440 441 15 236 254 292 295 325 411 348 363 378 424 352 327 450 457 467
397 16.153902639242972 2.775480528738732 17.887150838950912 7 353 366 367 394 420 432 452 15 243 289 318 389 276 341 343 271 379 383 413 429 431 468 456
398 4.519061728307454 18.685635923002415 14.83046702365002 6 323 363 371 380 396 424 18 236 254 292 295 277 403 414 348 378 352 381 359 440 441 437 457 461 477
399 6.33017826681193 12.314243967930224 19.945139983392856 3 331 377 390 7 256 300 304 340 348 378 423
400 18.915905431316823 7.32375472937866 13.438844725336615 3 336 337 374 9 262 354 358 247 301 316 311 405 409
401 13.283558204590706 8.23833680316605 18.650018834086012 5 330 370 391 429 442 13 257 274 285 311 341 339 364 368 332 420 436 422 443
402 12.173676981440597 14.823316890859797 15.026821495537025 5 347 375 385 411 448 14 268 280 325 376 444 339 449 454 359 441 406 433 464 469
403 3.1083624426511047 17.060160875474885 17.265094134458167 5 363 365 414 424 437 12 277 371 398 294 315 415 342 382 463 457 461 477
404 19.804237501582847 13.739214871490244 4.653696392137228 3 360 426 446 9 264 303 392 430 455 388 427 453 476
405 16.738259220141263 9.73566129139221 15.105296735006966 6 349 368 374 409 421 435 13 284 354 419 274 370 311 336 400 431 436 460 443 475
406 15.156409921873394 14.333126518948625 13.079974211574763 5 338 416 433 448 464 15 267 310 321 376 417 419 434 458 439 444 465 402 469 480 488
407 17.460762388282443 17.22229742088214 2.3096331682578697 5 361 388 427 453 462 10 302 312 395 410 314 334 446 393 451 428
408 11.36885241242744 18.493664035203174 11.663259211475356 5 350 373 376 425 450 12 351 412 310 338 375 384 433 439 418 474 440 471
409 17.11672865249374 7.374816168251392 16.12418322817238 5 374 405 431 436 460 14 311 336 400 349 368 421 435 420 438 452 466 468 429 478
410 16.03882638324781 18.17081075432668 5.179455860581164 5 361 388 418 445 451 15 302 312 395 407 314 334 427 446 453 346 384 412 425 455 476
411 10.738511342719491 17.00461125971875 14.577677644547865 4 359 375 402 441 11 295 325 396 347 376 444 385 448 440 457 467
412 12.88320827697628 19.867551421830463 7.666935299682041 4 351 373 418 425 10 309 350 376 408 346 384 410 445 439 474
413 19.632581448096683 0.25376189284103123 15.44947295165375 3 362 383 394 7 287 318 367 353 389 397 452
414 1.469055760559712 19.139646511614693 16.03139527122819 5 342 363 382 403 463 8 272 277 371 398 424 365 437 447
415 2.062864088397194 15.394618303108096 19.63083225330532 3 365 437 447 7 294 315 403 424 461 477 463
416 17.184698920980882 13.904626720144236 11.767345370654674 6 406 417 419 433 434 458 17 338 448 464 384 392 455 465 349 354 459 470 376 439 444 386 430 482
417 16.75823708237846 15.981476579850069 9.891197136267733 7 384 392 416 433 455 458 465 21 310 346 376 418 445 322 426 430 406 419 434 439 444 448 464 476 487 482 483 486 489
418 14.910188657228769 18.837394602701597 7.639574721469904 6 346 384 410 412 425 445 15 267 314 310 376 417 361 388 451 351 373 408 439 474 455 476
419 18.427857127333475 11.768800265892342 12.616990280647293 6 349 354 416 434 459 470 11 284 405 278 336 358 406 417 433 458 386 430
420 15.803971003655398 4.872733573112478 19.08932583510527 5 366 397 429 431 468 15 276 289 341 343 353 367 394 432 452 401 436 409 438 460 466
421 15.490488124452263 10.888086612647601 16.818658785142986 6 368 405 435 436 443 475 12 274 370 349 374 409 429 466 478 442 473 481 491
422 11.259924553892443 11.844723740133546 19.479892627567104 4 364 423 442 449 7 288 339 370 390 401 443 385
423 9.151671661606077 13.371953928048725 19.667530014997165 3 364 390 422 8 288 339 370 348 378 399 442 449
424 4.858838621606765 18.060498715006354 17.400006816127586 8 363 371 398 403 437 457 461 477 11 277 414 323 348 378 396 380 365 415 441 472
425 13.571761879696238 19.173671004389735 10.052701940138501 6 373 408 412 418 439 474 12 350 351 376 450 346 384 410 445 433 444 479 483
426 19.21765868699534 15.449562436331332 6.990150376989486 5 392 404 430 446 455 12 322 417 360 386 434 458 388 427 453 476 445 487
427 19.540875063376156 16.436208112907245 2.321609461077645 5 388 393 407 446 453 11 314 334 410 329 372 361 462 404 426 476 451
428 16.73427047001635 19.49896445473702 0.13937932792379648 2 387 462 4 312 356 407 453
429 14.749278418908109 6.791102629831225 19.92291519362579 3 401 420 436 12 330 370 391 442 366 397 431 468 409 421 466 478
430 19.8826292371062 13.848015569857086 8.714570672306404 5 386 392 426 434 458 8 322 417 404 446 455 416 419 482
431 18.076437574016655 5.799497452964637 17.412079804240147 7 409 420 438 452 460 466 468 10 374 405 436 366 397 429 389 394 456 478
432 16.248218463155723 1.3832958762439596 19.952597346488027 3 367 397 456 8 271 379 383 353 366 394 420 452
433 15.755637689990944 16.479152791722335 12.196536432852504 9 376 406 416 417 439 444 448 464 465 23 310 338 373 375 384 408 419 434 458 392 455 425 474 469 471 479 402 480 488 482 483 486 489
434 19.530169502066073 13.09860292431539 10.799391545392938 5 386 416 419 430 458 10 406 417 433 349 354 459 470 392 426 482
435 16.482052178956522 12.450637255869612 15.611063827985486 4 368 405 421 443 9 274 370 349 374 409 436 475 442 473
436 16.33789655841319 8.547051903667423 18.21948652822119 5 409 421 429 466 478 12 374 405 431 460 368 435 443 475 401 420 468 481
437 4.021318910282576 16.909035533185293 19.2315227809727 5 403 415 424 461 477 8 363 365 414 447 371 398 457 472
438 19.71571798130487 5.7039996430696505 15.865229616468444 3 389 431 460 7 353 394 409 420 452 466 468
439 14.338282729205428 18.08443134021205 11.846685125434334 5 376 425 433 444 474 18 310 338 373 375 384 408 412 418 406 416 417 448 464 465 469 471 479 483
440 9.174600293747996 19.59375459822166 14.349517801951471 3 396 441 450 11 323 359 371 380 381 398 411 457 467 408 471
441 8.813581754507371 18.41574577339161 16.09298017378069 5 396 411 440 457 467 14 323 359 371 380 381 398 375 402 450 424 477 454 472 484
442 13.636770954220111 10.992508704742331 19.38009636860603 4 370 401 422 443 13 285 330 339 364 368 391 429 423 449 421 435 473 475
443 14.576231207426101 12.446350025034567 17.818494802858606 5 421 435 442 473 475 10 368 405 436 370 401 422 485 478 481 491
444 13.679021548590061 17.42300425835169 14.045138761280498 7 375 433 439 448 469 471 479 16 325 347 376 402 411 406 416 417 464 465 425 474 484 490 450 489
445 16.93327057063154 18.375243819331804 7.989683834921744 5 384 410 418 455 476 12 310 346 376 417 361 388 451 412 425 426 487 446
446 19.61370264535794 16.665390758179782 5.2211879008258055 6 388 404 426 427 453 476 13 314 334 407 410 360 392 430 455 393 451 462 445 487
447 0.13731547734666005 17.537837707972244 19.552393792361862 2 415 463 3 365 437 414
448 14.915242190523777 15.909133757466144 14.668006798812915 6 402 406 433 444 464 469 16 347 375 385 411 338 416 376 417 439 465 471 479 480 488 484 490
449 12.051053721974302 13.758037445256747 18.874483352079533 2 385 422 6 339 402 454 364 423 442
450 10.89737774590429 19.91104568581065 13.297199559965112 3 408 440 471 9 350 373 376 425 396 441 444 469 479
451 16.888098751343783 19.88723986378425 4.445364831782963 2 410 453 8 361 388 418 445 407 427 446 462
452 18.83230480238334 3.4676510648835546 18.36513480459041 5 394 397 431 456 468 13 318 353 383 389 413 366 367 420 432 409 438 460 466
453 18.802654422695984 18.41055253417167 3.705037821153323 6 388 407 427 446 451 462 9 314 334 410 361 393 404 426 476 428
454 10.993846229251933 16.49485083388679 17.7267534548858 3 385 467 484 8 339 402 449 441 472 469 490 493
455 18.720818735909624 17.317777813296704 8.187680765989871 5 417 426 445 476 487 13 384 392 416 433 458 465 404 430 446 410 418 483 486
456 18.63394801588408 1.3359324083570856 19.204087039831137 2 432 452 5 367 397 394 431 468
457 6.49838885999789 19.618507386364264 17.202399788405497 3 424 441 477 10 363 371 398 403 437 461 396 411 440 467
458 19.510236507794172 15.250357950790976 10.480314435083645 5 416 417 430 434 482 10 406 419 433 384 392 455 465 386 426 486
459 19.751650277464357 11.04620517707576 14.55068617958263 2 419 470 4 349 354 416 434
460 19.598390112960757 7.831367842639252 16.727277994059484 4 409 431 438 466 8 374 405 436 420 452 468 389 478
461 6.7148999448300595 17.38758594793724 19.475231746182327 4 424 437 472 477 7 363 371 398 403 457 415 467
462 19.031303340169714 19.15285788166438 0.9776791359661363 3 407 428 453 6 361 388 427 387 446 451
463 1.6879451056055883 19.766176499279663 18.485497923056933 2 414 447 5 342 363 382 403 415
464 17.010331156414672 16.264606382382787 14.18413146275245 6 406 433 448 465 480 488 15 338 416 376 417 439 444 402 469 482 483 486 489 495 492 497
465 17.61372907202153 17.495465305811358 11.811751837265462 7 417 433 464 482 483 486 489 16 384 392 416 455 458 376 406 439 444 448 480 488 474 487 479 496
466 18.425090915474698 7.868417463392698 18.864215165590558 5 431 436 460 468 478 8 409 420 438 452 421 429 475 481
467 10.196694871235454 18.481101314328157 17.692684568157766 4 441 454 472 484 9 396 411 440 457 385 461 469 490 493
468 18.69759928103131 5.117286103569967 19.568815782760268 4 420 431 452 466 10 366 397 429 409 438 460 394 456 436 478
469 13.727282777150185 17.278178506408985 16.486534972898085 5 444 448 471 484 490 12 375 433 439 479 402 406 464 450 454 467 493 492
470 19.619883131950118 13.552055191449401 13.85369072275588 2 419 459 4 349 354 416 434
471 13.020739771554798 19.13521860849614 15.01964185002878 4 444 450 469 479 10 375 433 439 448 408 440 484 490 474 489
472 8.825962334646732 18.198092593323203 19.182647625608197 2 461 467 6 424 437 477 441 454 484
473 15.851393023544391 13.932362239764364 18.264921624455404 3 443 475 485 8 421 435 442 478 481 491 493 494
474 15.654555588598171 19.796829325345144 11.988036722783914 4 425 439 479 483 12 373 408 412 418 376 433 444 471 489 465 486 487
475 16.912587748201616 12.162090275024422 18.665840637085545 6 421 443 473 478 481 491 8 368 405 435 436 442 485 466 495
476 19.477501104491587 18.86435552955614 7.1227389630879 4 445 446 455 487 11 384 410 418 388 404 426 427 453 417 483 486
477 5.813746037080403 19.189981292230286 19.975530684469838 4 424 437 457 461 7 363 371 398 403 415 441 472
478 18.747846872483365 10.252094968943704 18.564242666489214 4 436 466 475 481 9 409 421 429 431 460 468 443 473 491
479 15.25645538053967 19.697769900274462 14.301761770829643 4 444 471 474 489 11 375 433 439 448 469 450 425 483 465 486 496
480 18.324854008861948 15.16321768363416 16.29324009566281 3 464 488 495 8 406 433 448 465 492 497 491 494
481 18.903503774718438 12.49306426949551 17.88414166772677 3 475 478 491 6 421 443 473 436 466 495
482 19.717603063213204 16.787504555987258 12.890139271543024 3 458 465 486 9 416 417 430 434 433 464 483 489 487
483 17.88173560221142 19.96105197606008 11.189838062972207 5 465 474 486 487 489 10 417 433 464 482 425 439 479 455 476 496
484 12.67232129597688 18.534509323175087 18.541025298163788 5 454 467 469 490 493 9 385 441 472 444 448 471 492 485 498
485 15.020601442408633 15.787331906023248 19.452615280665263 3 473 493 494 6 443 475 484 490 498 495
486 19.366012678981196 18.531596493329992 11.970633527097977 5 465 482 483 487 489 9 417 433 464 458 474 455 476 479 496
487 19.6715568736721 19.514103612533944 9.833096157655321 4 455 476 483 486 8 417 426 445 446 465 474 489 482
488 17.61706187996157 17.015128165084214 16.830438000290435 5 464 480 492 495 497 10 406 433 448 465 490 498 491 494 496 499
489 18.142557358718697 19.27569853865188 13.69872379582803 5 465 479 483 486 496 9 417 433 464 482 444 471 474 487 497
490 14.546287964693065 19.178476457552133 17.844002235521742 4 469 484 492 493 9 444 448 471 454 467 488 497 498 485
491 19.017593367387803 13.560002174724875 19.775634259100393 3 475 481 495 7 421 443 473 478 480 488 494
492 16.880120362345767 18.64036144792326 17.768773839519586 4 488 490 497 498 8 464 480 495 469 484 493 496 499
493 14.477244041717885 18.637972430513546 19.780362655071805 4 484 485 490 498 7 454 467 469 473 494 492 499
494 17.15037570431393 16.286884557930335 19.95489324691015 2 485 495 5 473 493 480 488 491
495 19.28462842692077 16.203251516957174 18.888551824274845 4 480 488 491 494 6 464 492 497 475 481 485
496 19.65445619722818 19.391824483109772 15.4409508763807 2 489 497 7 465 479 483 486 488 492 499
497 18.771394713244547 19.756891833136603 17.215593265594435 4 488 492 496 499 6 464 480 495 490 498 489
498 16.948261722951273 19.569901594603557 19.913807181643953 3 492 493 499 5 488 490 497 484 485
499 18.99418132737452 19.66529303754154 19.70947835755359 2 497 498 4 488 492 496 493
